0, 1 1;
1, 2 1;
2, 3 1;
3, 1 2;
4, 2 2;
5, 3 2;
6, 1 3;
7, 2 3;
8, 3 3;
9, 1 4;
10, 2 4;
11, 3 4;
12, 1 5;
13, 2 5;
14, 3 5;
15, 1 6;
16, 2 6;
17, 3 6;
18, 1 7;
19, 2 7;
20, 3 7;
21, 1 8;
22, 2 8;
23, 3 8;
24, 1 9;
25, 2 9;
26, 3 9;
27, 1 10;
28, 2 10;
29, 3 10;
30, 4 1;
31, 4 2;
32, 4 3;
33, 4 4;
34, 4 5;
35, 4 6;
36, 4 7;
37, 4 8;
38, 4 9;
39, 4 10;
40, 4 1;
41, 4 2;
42, 4 3;
43, 4 4;
44, 4 5;
45, 4 6;
46, 4 7;
47, 4 8;
48, 4 9;
49, 4 10;
50, 4 1;
51, 4 2;
52, 4 3;
53, 4 4;
54, 4 5;
55, 4 6;
56, 4 7;
57, 4 8;
58, 4 9;
59, 4 10;
60, 4 1;
61, 4 2;
62, 4 3;
63, 4 4;
64, 4 5;
65, 4 6;
66, 4 7;
67, 4 8;
68, 4 9;
69, 4 10;
70, 4 1;
71, 4 2;
72, 4 3;
73, 4 4;
74, 4 5;
75, 4 6;
76, 4 7;
77, 4 8;
78, 4 9;
79, 4 10;
80, 4 1;
81, 4 2;
82, 4 3;
83, 4 4;
84, 4 5;
85, 4 6;
86, 4 7;
87, 4 8;
88, 4 9;
89, 4 10;
